
O labirinto dado é: 

      1   2   3   4   5   6   7   8   9  10  11
  1| 0 | 0 |-1 |-1 | 0 | 0 | 0 | 0 | 0 | 0 | 0 |
  2| 0 |-1 | 0 |-1 |-1 | 0 |-1 | 0 |-1 |-1 | 0 |
  3| 0 | 0 |-1 | 0 | 0 | 0 |-1 | 0 | 0 | 0 | 0 |
  4| 0 |-1 | 0 |-1 | 0 | 0 | 0 |-1 |-1 | 0 | 0 |
  5| 0 | 0 | 0 |-1 | 0 |-1 | 0 | 0 | 0 |-1 | 0 |
  6| 0 |-1 | 0 | 0 | 0 | 0 | 0 | 0 |-1 | 0 | 0 |


Após a marcação númerica o labirinto é: 

      1   2   3   4   5   6   7   8   9  10  11
  1|26 |27 |-1 |-1 |12 |11 |10 | 9 | 8 | 7 | 6 |
  2|25 |-1 | 0 |-1 |-1 |12 |-1 | 8 |-1 |-1 | 5 |
  3|24 |25 |-1 |15 |14 |13 |-1 | 7 | 6 | 5 | 4 |
  4|23 |-1 |21 |-1 |15 |14 |15 |-1 |-1 | 4 | 3 |
  5|22 |21 |20 |-1 |16 |-1 |16 |17 |18 |-1 | 2 |
  6|23 |-1 |19 |18 |17 |18 |17 |18 |-1 | 2 | 1 |


O caminho mínimo do destino a origem é: 

      1   2   3   4   5   6   7   8   9  10  11
  1| O | 0 |-1 |-1 | 0 | # | # | # | 0 | 0 | 0 |
  2| # |-1 | 0 |-1 |-1 | # |-1 | # |-1 |-1 | 0 |
  3| # | 0 |-1 | 0 | # | # |-1 | # | # | # | 0 |
  4| # |-1 | 0 |-1 | # | 0 | 0 |-1 |-1 | # | # |
  5| # | # | # |-1 | # |-1 | 0 | 0 | 0 |-1 | # |
  6| 0 |-1 | # | # | # | 0 | 0 | 0 |-1 | 0 | D |


Os indices do caminho mínimo são: 

(1, 1)    (2, 1)    (3, 1)    (4, 1)    (5, 1)    (5, 2)    (5, 3)    (6, 3)    (6, 4)    (6, 5)    

(5, 5)    (4, 5)    (3, 5)    (3, 6)    (2, 6)    (1, 6)    (1, 7)    (1, 8)    (2, 8)    (3, 8)    

(3, 9)    (3, 10)   (4, 10)   (4, 11)   (5, 11)   (6, 11)   

